
LList.tail: 32.186900619399104
LList.isShorterThan: 25.966758332413143
LList$Element.getNext: 19.931134582774444
LBenchmark.innerBenchmarkLoop: 5.112179454807589
Ljava.lang.Integer.intValue: 4.034544860883835
LList.verifyResult: 3.7972103550806624
Ljdk.graal.compiler.hotspot.replacements.HotSpotReplacementsUtil.loadHubOrNullIntrinsic: 2.7295557564871666
LList$Element.length: 2.1828393887457285
LList.benchmark: 1.033976552563766
Ljava.lang.Integer.valueOf: 0.9795930621072833