
LList.tail: 32.25381022458296
LList.isShorterThan: 26.015186478382272
LList$Element.getNext: 19.967703378438067
LBenchmark.innerBenchmarkLoop: 5.089310232824612
Ljava.lang.Integer.intValue: 4.007197559778272
LList.verifyResult: 3.771480056261903
Ljdk.graal.compiler.hotspot.replacements.HotSpotReplacementsUtil.loadHubOrNullIntrinsic: 2.7110828679481025
LList$Element.length: 2.164459179138723
LList.benchmark: 1.0252701374867634
Ljava.lang.Integer.valueOf: 0.9710379998557483