
Lnbody.NBodySystem.advance: 24.957827906129257
Lnbody.NBodySystem.energy: 13.825093743554111
Ljdk.graal.compiler.replacements.gc.G1WriteBarrierSnippets.g1PostWriteBarrier: 10.224678946946684
Ljdk.graal.compiler.replacements.AllocationSnippets.fillMemoryAligned: 3.34280299166958
Lnbody.Body.getY: 3.27490378412341
Lnbody.Body.getZ: 3.27490378412341
Lnbody.Body.getX: 3.220296398595356
Lnbody.Body.getMass: 2.8604614501332204
Lnbody.Body.getVZ: 2.699636749328553
Lnbody.Body.getVY: 2.699636749328553