
LList.tail: 32.252475514492986
LList.isShorterThan: 26.014176074546143
LList$Element.getNext: 19.966935037760088
LBenchmark.innerBenchmarkLoop: 5.084911687496737
Ljava.lang.Integer.intValue: 4.008083408551807
LList.verifyResult: 3.772294979080446
Ljdk.graal.compiler.hotspot.replacements.HotSpotReplacementsUtil.loadHubOrNullIntrinsic: 2.7116928855856712
LList$Element.length: 2.164642681620535
LList.benchmark: 1.0253570597149901
Ljava.lang.Integer.valueOf: 0.9714051845605375