
LList.tail: 32.18418663594598
LList.isShorterThan: 25.96430225003734
LList$Element.getNext: 19.92922043204679
LBenchmark.innerBenchmarkLoop: 5.125073427943466
Ljava.lang.Integer.intValue: 4.032443572427533
LList.verifyResult: 3.7952182845622366
Ljdk.graal.compiler.hotspot.replacements.HotSpotReplacementsUtil.loadHubOrNullIntrinsic: 2.7281994714279554
LList$Element.length: 2.181554763358461
LList.benchmark: 1.0333680458013763
Ljava.lang.Integer.valueOf: 0.9794722258511008