
LList.tail: 32.18255840750253
LList.isShorterThan: 25.96316567829757
LList$Element.getNext: 19.928367264206173
LBenchmark.innerBenchmarkLoop: 5.121309476289992
Ljava.lang.Integer.intValue: 4.033981258841027
LList.verifyResult: 3.796684435406278
Ljdk.graal.compiler.hotspot.replacements.HotSpotReplacementsUtil.loadHubOrNullIntrinsic: 2.729147315933531
LList$Element.length: 2.1821750875572774
LList.benchmark: 1.0336618835797629
Ljava.lang.Integer.valueOf: 0.9802410762894206