
LList.tail: 32.17313088192703
LList.isShorterThan: 25.95570952848419
LList$Element.getNext: 19.922660432498382
LBenchmark.innerBenchmarkLoop: 5.143194141256777
Ljava.lang.Integer.intValue: 4.035756714373898
LList.verifyResult: 3.7983592605871985
Ljdk.graal.compiler.hotspot.replacements.HotSpotReplacementsUtil.loadHubOrNullIntrinsic: 2.730442645950643
LList$Element.length: 2.1821529444403276
LList.benchmark: 1.033651394734892
Ljava.lang.Integer.valueOf: 0.9792378148024639