
LList.tail: 32.25510955436197
LList.isShorterThan: 26.016607962115234
LList$Element.getNext: 19.96883499416972
LBenchmark.innerBenchmarkLoop: 5.072191414503943
Ljava.lang.Integer.intValue: 4.010579725301434
LList.verifyResult: 3.7746540759099116
Ljdk.graal.compiler.hotspot.replacements.HotSpotReplacementsUtil.loadHubOrNullIntrinsic: 2.713344081015547
LList$Element.length: 2.1660882625960878
LList.benchmark: 1.0260418085981466
Ljava.lang.Integer.valueOf: 0.9716067337594132