
LList.tail: 32.18740364890356
LList.isShorterThan: 25.967093373942912
LList$Element.getNext: 19.93138406166988
LBenchmark.innerBenchmarkLoop: 5.1142347996287345
Ljava.lang.Integer.intValue: 4.032242975829162
LList.verifyResult: 3.7950433488111437
Ljdk.graal.compiler.hotspot.replacements.HotSpotReplacementsUtil.loadHubOrNullIntrinsic: 2.7280166542120194
LList$Element.length: 2.1825812992133398
LList.benchmark: 1.0338542996273716
Ljava.lang.Integer.valueOf: 0.9795624312164904