
LList.tail: 32.18048036279324
LList.isShorterThan: 25.961661714004602
LList$Element.getNext: 19.927231610156497
LBenchmark.innerBenchmarkLoop: 5.124316964414475
Ljava.lang.Integer.intValue: 4.032367023839172
LList.verifyResult: 3.7951592702048687
Ljdk.graal.compiler.hotspot.replacements.HotSpotReplacementsUtil.loadHubOrNullIntrinsic: 2.728090993948095
LList$Element.length: 2.1827463130966778
LList.benchmark: 1.0339324640984264
Ljava.lang.Integer.valueOf: 0.9809860600060587